metric,statistic,value,unit,sample_count
